0
0
0
0
0
0
0
0
0
0
0
-1
0
0
0
-1
-1
-1
0
0
-1
-1
-1
-1
-1
-1
-1
-1
0
-1
-1
0
0
0
0
0
0
0
0
0
0
0
0
0
0
0
0
0
0
0
0
0
0
0
0
0
-1
-1
-1
-1
-1
-1
-1
-1
-1
-1
-1
-1
0
-1
-1
0
-1
-1
0
-1
0
0
0
0
-1
0
0
0
0
0
0
-1
-1
0
0
0
0
0
0
0
0
0
0
-1
-1
0
0
0
0
0
0
0
0
0
0
0
0
0
0
0
0
-1
-1
-1
-1
-1
-1
-1
-1
-1
-1
-1
-1
0
-1
-1
0
0
0
0
0
-1
0
0
0
0
0
0
0
0
0
-1
0
0
0
0
0
0
0
-1
0
0
0
0
0
0
0
0
-1
0
-1
-1
-1
-1
0
-1
-1
0
-1
0
-1
0
-1
-1
0
0
0
0
0
0
0
0
0
0
0
0
0
0
0
0
-1
0
0
0
-1
-1
-1
-1
-1
0
-1
-1
0
-1
-1
-1
0
-1
0
0
0
-1
0
0
0
0
0
-1
0
0
0
-1
-1
-1
0
0
-1
0
0
0
0
0
-1
-1
0
0
0
-1
-1
0
0
0
0
0
-1
0
0
0
0
0
0
0
0
0
0
0
0
0
0
0
0
0
0
0
0
0
0
0
0
0
0
-1
-1
-1
-1
-1
-1
-1
-1
-1
-1
-1
-1
-1
-1
-1
-1
-1
-1
-1
-1
-1
-1
-1
0
0
0
0
-1
-1
-1
0
0
0
0
-1
0
0
0
0
0
0
0
0
0
0
0
0
0
0
0
0
0
0
0
0
0
0
0
0
0
0
0
0
0
-1
-1
-1
0
0
-1
-1
-1
-1
0
0
-1
-1
0
0
0
0
0
0
0
0
0
0
0
0
0
0
0
0
0
-1
0
0
-1
0
0
0
0
0
0
0
-1
-1
0
0
0
-1
-1
-1
-1
0
-1
0
0
-1
-1
-1
-1
-1
-1
-1
-1
-1
-1
-1
-1
-1
-1
-1
-1
-1
-1
-1
-1
-1
-1
-1
0
-1
0
0
0
0
0
0
0
0
0
0
0
0
0
0
0
0
0
0
0
0
0
0
0
0
0
0
0
0
0
0
0
0
0
0
0
0
0
0
0
0
0
0
0
0
0
0
0
0
0
0
0
0
0
0
0
0
0
-1
0
0
0
0
-1
-1
-1
-1
0
-1
-1
-1
0
-1
-1
-1
-1
0
0
-1
-1
-1
0
0
0
-1
0
0
0
0
0
0
0
0
-1
-1
-1
-1
0
0
0
0
0
0
0
0
0
0
-1
-1
-1
-1
-1
-1
-1
-1
-1
-1
-1
-1
-1
-1
-1
-1
-1
-1
-1
-1
-1
-1
-1
-1
0
0
0
0
0
0
0
0
0
0
0
0
0
0
0
0
0
0
0
0
0
0
0
0
0
0
0
0
0
0
0
0
0
0
0
0
0
0
0
0
0
0
0
0
0
0
0
0
0
0
0
-1
0
-1
-1
0
-1
-1
-1
-1
0
-1
-1
-1
-1
0
0
0
0
0
0
0
0
1
1
1
1
1
2
2
2
2
2
2
2
2
2
1
1
1
1
0
0
0
-1
-2
-2
-2
-3
-4
-4
-4
-5
-5
-5
-6
-6
-7
-6
-7
-7
-7
-7
-7
-7
-7
-7
-7
-7
-7
-7
-7
-7
-6
-6
-6
-6
-6
-6
-5
-5
-5
-5
-4
-4
-4
-4
-4
-2
-2
-2
-2
-1
0
1
1
1
2
2
4
4
5
6
7
9
10
10
12
13
14
15
15
16
18
19
19
19
19
20
21
20
19
17
16
16
13
11
8
6
4
2
0
-2
-4
-5
-6
-5
-4
-2
1
5
10
16
23
30
39
47
54
61
67
76
82
83
84
82
82
80
73
64
53
41
29
13
-4
-23
-41
-61
-82
-100
-119
-134
-153
-172
-183
-194
-201
-206
-218
-218
-214
-210
-202
-199
-192
-177
-164
-147
-134
-122
-104
-88
-71
-55
-42
-29
-15
-3
9
19
28
36
43
50
57
64
69
74
79
84
90
96
102
108
114
122
128
136
143
149
156
162
168
173
177
179
180
180
179
175
169
162
152
141
128
115
99
82
65
47
30
12
-6
-23
-40
-55
-69
-83
-95
-105
-114
-120
-127
-131
-135
-137
-138
-137
-136
-133
-129
-124
-116
-108
-96
-83
-68
-50
-30
-7
17
42
68
94
120
144
166
184
199
211
217
219
215
207
194
177
156
132
104
74
42
9
-25
-59
-92
-125
-156
-185
-211
-235
-255
-272
-285
-295
-300
-303
-301
-296
-288
-278
-265
-250
-233
-215
-196
-176
-156
-136
-115
-94
-73
-53
-33
-13
6
25
43
61
78
94
110
126
141
155
168
180
192
203
214
223
231
239
245
251
255
258
260
261
261
259
256
250
244
235
224
212
199
183
165
146
126
104
80
56
30
4
-22
-49
-75
-102
-127
-152
-174
-195
-214
-231
-245
-257
-266
-271
-275
-275
-271
-266
-258
-248
-236
-221
-206
-190
-172
-154
-137
-119
-101
-83
-67
-51
-36
-22
-8
4
17
28
40
52
64
77
91
106
122
139
158
177
196
215
233
250
266
278
287
292
293
291
283
270
254
233
209
182
151
117
82
45
8
-30
-67
-103
-138
-171
-202
-229
-254
-275
-293
-307
-317
-323
-325
-323
-318
-310
-299
-286
-270
-252
-233
-213
-192
-170
-148
-125
-103
-81
-60
-38
-17
3
23
41
59
75
90
105
118
131
142
152
161
170
177
184
189
193
198
202
204
206
206
207
207
206
203
199
195
190
183
174
164
152
140
126
110
93
75
56
36
15
-6
-27
-48
-70
-90
-110
-127
-144
-160
-174
-186
-194
-200
-205
-207
-206
-202
-195
-187
-177
-165
-152
-137
-122
-107
-92
-78
-64
-51
-39
-28
-18
-8
0
10
18
29
39
50
64
78
94
112
129
148
167
185
203
219
232
242
249
251
249
242
232
217
198
174
148
118
86
51
16
-21
-58
-95
-131
-165
-197
-227
-254
-277
-296
-312
-323
-330
-333
-332
-327
-318
-305
-290
-272
-252
-231
-208
-185
-161
-136
-112
-87
-63
-40
-18
4
25
45
63
81
97
112
126
139
150
161
170
179
187
194
201
207
212
216
220
222
224
225
227
225
223
219
214
209
203
194
183
171
159
145
129
111
93
74
54
32
10
-12
-34
-58
-80
-101
-122
-141
-159
-177
-192
-205
-215
-223
-232
-235
-236
-235
-231
-225
-218
-206
-194
-180
-165
-150
-133
-116
-99
-83
-67
-52
-37
-23
-10
3
15
25
36
47
58
70
81
94
108
124
142
160
178
197
217
237
254
269
282
291
297
298
294
286
271
253
232
205
175
141
104
65
24
-17
-58
-100
-140
-180
-217
-251
-283
-310
-334
-354
-369
-379
-384
-384
-381
-373
-361
-345
-326
-305
-281
-256
-229
-201
-173
-144
-115
-86
-58
-30
-3
23
48
71
93
113
133
150
166
181
193
204
213
222
229
235
239
242
243
244
244
243
241
238
233
229
222
216
208
199
189
177
165
152
137
122
104
86
68
48
27
6
-16
-38
-60
-81
-103
-124
-144
-162
-179
-195
-210
-222
-232
-240
-246
-248
-248
-246
-241
-233
-222
-210
-195
-178
-160
-141
-122
-102
-82
-63
-44
-27
-11
4
18
30
41
51
60
71
80
89
100
111
124
139
153
171
188
206
226
244
259
274
284
293
296
294
289
277
261
241
216
187
154
117
79
39
-4
-45
-88
-131
-171
-210
-246
-279
-310
-336
-359
-376
-389
-397
-401
-399
-393
-383
-368
-350
-328
-305
-278
-250
-221
-190
-159
-128
-96
-65
-34
-5
23
50
76
100
123
143
161
177
192
204
214
223
230
236
240
242
244
245
245
244
242
239
237
232
228
223
217
210
202
193
184
173
161
147
133
117
100
82
63
43
22
1
-21
-43
-65
-87
-108
-129
-148
-166
-184
-199
-212
-224
-233
-239
-244
-247
-246
-243
-237
-230
-220
-208
-194
-178
-161
-143
-125
-106
-87
-68
-50
-33
-15
0
14
27
38
49
58
65
74
82
90
99
108
118
132
146
163
180
198
217
236
253
269
279
288
293
291
286
275
259
238
212
183
151
114
76
36
-6
-49
-91
-132
-173
-211
-247
-280
-309
-335
-356
-374
-386
-393
-395
-393
-385
-374
-357
-338
-316
-290
-263
-235
-205
-175
-144
-113
-82
-52
-23
5
31
57
81
103
124
142
158
173
184
194
202
208
213
215
216
217
216
215
212
209
207
204
201
199
196
193
188
183
178
173
167
159
150
141
130
118
106
91
76
60
43
25
6
-14
-33
-54
-75
-95
-115
-134
-153
-171
-185
-199
-210
-220
-227
-230
-231
-228
-224
-218
-208
-196
-183
-167
-152
-135
-117
-99
-82
-64
-47
-31
-15
-1
13
26
38
48
58
67
76
86
94
104
114
126
140
154
170
186
204
222
239
252
263
271
277
277
272
261
246
226
202
174
142
107
69
30
-10
-51
-92
-133
-173
-211
-247
-280
-309
-335
-356
-374
-386
-393
-396
-393
-386
-374
-357
-337
-314
-288
-259
-229
-199
-166
-134
-102
-69
-37
-6
23
51
78
102
124
144
161
175
188
197
204
210
212
214
216
215
215
213
211
210
208
207
205
203
201
199
197
194
191
187
182
175
168
160
150
138
125
110
94
76
57
37
16
-6
-28
-50
-72
-94
-115
-136
-155
-172
-187
-201
-213
-224
-230
-233
-237
-236
-235
-231
-224
-216
-204
-192
-177
-161
-144
-125
-106
-88
-68
-49
-31
-13
3
17
31
42
53
63
71
79
86
94
101
110
119
129
140
154
169
184
200
217
232
246
256
263
267
267
261
252
238
219
195
167
136
102
66
26
-13
-54
-95
-135
-175
-213
-249
-282
-312
-337
-359
-375
-388
-394
-396
-392
-383
-370
-351
-328
-302
-272
-240
-208
-174
-139
-105
-71
-37
-5
25
53
79
102
122
139
153
163
172
178
182
185
185
183
182
179
178
176
174
174
173
173
173
173
173
173
174
175
174
174
172
170
167
162
156
151
142
132
121
108
93
77
59
39
19
-3
-24
-46
-69
-92
-113
-133
-152
-170
-185
-199
-210
-218
-224
-227
-227
-225
-220
-212
-202
-190
-177
-162
-145
-128
-111
-92
-74
-56
-39
-23
-8
6
18
29
38
46
52
60
66
71
78
84
93
103
115
129
144
160
177
194
210
223
233
241
246
246
241
231
216
198
175
149
119
87
52
16
-21
-58
-95
-133
-170
-204
-238
-267
-294
-318
-337
-352
-363
-368
-369
-364
-355
-341
-321
-298
-270
-240
-207
-173
-139
-103
-69
-35
-2
29
56
81
102
119
133
144
152
156
159
158
157
154
149
145
142
138
136
134
134
134
135
137
141
144
148
154
158
163
167
170
172
173
172
170
166
161
153
143
131
117
101
84
65
45
24
3
-20
-42
-64
-85
-105
-125
-144
-160
-175
-187
-198
-207
-212
-217
-217
-214
-211
-204
-195
-183
-169
-153
-137
-119
-100
-81
-63
-45
-27
-12
3
16
27
36
43
48
52
56
60
63
66
70
76
84
95
108
124
141
159
179
198
214
227
238
245
249
246
239
227
209
186
159
128
95
58
20
-19
-58
-97
-137
-176
-213
-250
-282
-311
-334
-353
-366
-374
-378
-377
-371
-360
-343
-320
-291
-258
-222
-185
-147
-113
-80
-48
-18
11
40
67
92
113
127
137
143
144
144
143
142
142
141
139
136
130
126
123
123
128
135
143
149
155
158
161
164
169
176
183
190
195
195
191
185
177
169
161
152
141
126
107
83
57
29
2
-24
-49
-73
-97
-122
-146
-169
-188
-203
-212
-218
-222
-225
-228
-231
-231
-226
-217
-202
-184
-169
-151
-139
-124
-103
-86
-52
-21
3
28
23
26
17
-5
14
18
46
77
68
91
63
32
28
-13
17
59
152
318
384
453
467
420
386
273
252
264
235
278
283
293
247
83
-31
-178
-309
-350
-356
-282
-253
-289
-296
-330
-380
-443
-478
-474
-488
-436
-311
-205
-138
-152
-131
-129
-218
-171
-96
5
149
164
239
306
252
176
199
187
107
190
144
194
154
211
966
818
435
414
-127
-72
-222
-420
-292
-925
-795
-615
-950
-648
-675
-477
-116
-103
278
245
100
301
319
482
624
602
604
452
322
330
261
162
100
11
-21
26
7
-99
-252
-428
-439
-337
-304
-206
-239
-319
-243
-327
-211
-100
-144
91
28
94
251
99
305
227
131
245
-42
76
169
18
193
46
44
217
18
183
266
126
317
231
148
216
61
130
155
42
157
122
117
662
1519
2252
2515
2370
2222
1819
1094
682
521
231
-147
-341
-269
-521
-1221
-1851
-2376
-2855
-3142
-2978
-2451
-2115
-1967
-1742
-1526
-1423
-1403
-1266
-965
-667
-282
292
813
1005
862
669
479
281
219
237
393
424
351
482
350
132
-46
-277
-208
-143
122
490
566
557
295
140
44
122
512
566
763
772
600
726
451
432
477
332
669
779
852
884
551
408
214
128
240
200
183
68
-95
-200
-362
-436
-469
-488
-404
-281
-148
-71
-65
-85
-121
-116
-95
-15
32
45
135
41
-7
-100
-374
-393
-512
-442
-227
-316
-231
-388
-638
-779
-915
-778
-677
-454
-266
-61
36
33
245
148
326
378
395
731
389
498
471
108
292
30
343
564
192
327
43
75
468
1074
2416
3032
3068
2906
2387
1834
896
99
-337
-777
-1020
-1008
-892
-1145
-1865
-2590
-3067
-3283
-3211
-2726
-2018
-1427
-996
-651
-377
-327
-479
-538
-424
-193
162
549
771
632
211
-205
-543
-793
-831
-651
-375
-144
32
239
350
292
257
291
377
581
889
1208
1338
1231
1080
923
790
763
739
721
670
592
605
489
287
162
88
176
346
530
663
625
503
382
273
176
119
11
-113
-197
-309
-347
-490
-671
-701
-745
-624
-428
-308
-179
-174
-124
-27
-26
18
-13
-61
-64
-131
-112
-184
-319
-448
-673
-717
-790
-713
-521
-489
-261
-358
-442
-425
-555
-187
-54
122
333
239
575
594
529
459
212
395
466
551
457
209
98
-202
-122
-5
90
217
34
209
468
972
2063
3181
4056
4059
3486
2778
1685
565
-449
-1076
-1323
-1593
-1612
-1612
-1941
-2499
-3172
-3542
-3547
-3223
-2439
-1517
-740
-236
18
139
29
-188
-304
-266
-75
154
345
354
43
-480
-1026
-1426
-1575
-1432
-1044
-559
-80
306
561
648
528
451
500
662
980
1198
1326
1252
980
801
511
362
359
330
600
798
838
870
719
439
498
756
987
1687
1690
1315
1198
351
204
213
-128
53
-241
-406
-522
-724
-780
-1039
-812
-750
-539
-2
2
181
164
-71
-23
-42
-5
-4
-104
-263
-475
-596
-704
-776
-770
-779
-779
-723
-668
-599
-589
-577
-498
-461
-227
21
196
260
60
-77
-322
-333
-181
-208
11
126
82
220
369
49
128
172
-403
116
237
174
717
251
106
237
189
483
874
1270
1672
2850
4065
4727
4853
3820
2344
824
-603
-1358
-1508
-1463
-1517
-1688
-1973
-2337
-2791
-3219
-3412
-3258
-2609
-1620
-575
268
597
433
34
-382
-600
-522
-299
-71
52
-23
-268
-672
-1181
-1635
-1887
-1804
-1381
-737
-68
414
610
621
565
547
700
811
912
1056
1056
1112
949
548
247
-30
11
213
447
751
817
985
1080
1103
1343
1231
1125
1054
817
934
977
863
681
286
-20
-238
-247
-231
-341
-378
-626
-733
-568
-516
-248
-60
-84
32
5
-7
0
-84
-107
-204
-231
-308
-461
-592
-837
-973
-1040
-975
-803
-669
-477
-484
-482
-441
-464
-270
-180
-98
65
56
200
227
7
-68
-376
-467
-243
-259
37
67
-99
-40
-215
-17
136
290
489
277
406
398
400
618
306
1
-102
-105
388
1038
1368
1815
2573
3632
4697
4874
3989
2297
490
-919
-1741
-1691
-1397
-1262
-1481
-2106
-2566
-2865
-3030
-3023
-2789
-2147
-1288
-349
412
734
575
20
-523
-750
-592
-215
76
126
-141
-618
-1132
-1554
-1792
-1822
-1594
-1151
-578
8
443
617
571
501
521
781
1091
1174
1191
1007
745
554
228
32
-19
72
353
607
821
841
790
771
739
875
1010
1106
1068
974
871
783
1127
1029
761
646
-134
-289
-297
-729
-519
-564
-728
-518
-428
-375
-194
-4
-108
4
186
85
221
156
-121
-254
-490
-699
-830
-927
-971
-1010
-973
-886
-827
-661
-449
-369
-215
-90
-175
-135
-125
-231
-50
79
201
471
360
254
-37
-548
-629
-852
-709
-208
-117
259
438
205
203
94
6
316
653
589
576
530
128
70
-28
-148
382
751
1052
1927
3118
4427
5000
4278
2876
1321
-33
-1056
-1526
-1240
-838
-981
-1612
-2262
-2655
-2906
-3091
-2979
-2237
-1215
-461
76
370
308
-83
-629
-829
-540
-110
193
241
20
-459
-1105
-1633
-1835
-1742
-1455
-1021
-548
-151
103
183
172
165
314
659
1068
1444
1486
1155
711
167
-179
-124
75
331
577
675
708
728
640
582
661
835
1127
1310
1365
1244
808
491
293
180
381
435
307
192
-79
-290
-313
-223
-120
-55
-54
-193
-256
-217
-196
-107
-45
-55
-108
-172
-257
-417
-518
-590
-672
-634
-624
-705
-768
-870
-909
-755
-535
-293
-114
-100
-217
-365
-400
-330
-68
192
266
382
266
4
-119
-342
-425
-278
-187
-213
-109
-24
-228
-60
-55
-326
213
439
539
1106
666
233
195
-331
-285
78
429
1114
1485
1748
2463
3612
4473
4257
3272
1899
584
-477
-1267
-1245
-826
-856
-1497
-2377
-2808
-2877
-2935
-2771
-2167
-1304
-666
-349
-116
58
-37
-429
-644
-404
25
292
262
14
-455
-1090
-1601
-1749
-1516
-1140
-840
-602
-434
-340
-255
-140
83
371
681
1066
1308
1344
1234
779
255
-64
-217
61
562
749
761
693
477
448
579
696
898
1040
1065
1062
1214
1275
917
652
316
23
272
306
246
279
-69
-347
-429
-376
-192
-33
61
-105
-200
-187
-266
-152
-90
-153
-175
-271
-353
-424
-466
-511
-649
-723
-790
-860
-822
-814
-787
-646
-506
-342
-190
-113
-82
-163
-251
-288
-194
12
129
305
230
-47
-241
-561
-469
-231
-70
172
137
178
-150
-418
-241
-205
488
943
827
915
437
-14
-88
-151
79
562
971
992
1340
2170
3238
4314
4119
3146
2178
932
-123
-807
-828
-322
-378
-1267
-2279
-2770
-2935
-3025
-2855
-2195
-1218
-698
-675
-582
-405
-393
-591
-612
-137
427
559
296
-89
-543
-1090
-1504
-1487
-1102
-754
-687
-750
-808
-840
-769
-534
-83
412
759
930
1003
1046
897
734
633
409
338
344
361
620
736
541
413
385
536
949
1154
1100
999
855
787
789
872
903
962
838
350
116
-130
-241
-21
-41
78
63
-281
-497
-618
-481
-277
-83
64
1
-52
-211
-358
-318
-290
-286
-318
-392
-542
-729
-849
-920
-874
-716
-586
-496
-417
-440
-471
-437
-415
-295
-193
-76
165
237
305
273
-30
-154
-219
-368
-311
-163
-130
109
342
95
158
217
-162
47
123
45
517
435
133
155
-59
5
488
788
913
950
1182
2084
3422
4225
3941
3030
1831
605
-242
-549
-105
381
-116
-1376
-2603
-3159
-3168
-2996
-2480
-1656
-1020
-999
-1298
-1287
-942
-638
-484
-163
401
713
488
9
-367
-640
-898
-991
-776
-467
-497
-880
-1208
-1271
-1108
-787
-311
211
485
473
386
342
426
641
933
1253
1303
840
368
300
326
470
652
617
762
866
726
790
768
604
614
668
840
1100
1095
829
509
169
171
478
460
359
133
-328
-396
-411
-505
-285
-223
-350
-282
-256
-305
-212
-211
-271
-166
-123
-164
-189
-306
-511
-691
-776
-800
-753
-702
-711
-748
-767
-691
-573
-391
-190
-158
-176
-176
-154
8
256
337
220
137
3
-150
-106
-117
-182
-51
-22
-120
88
91
-225
-102
-57
-38
442
460
322
368
-67
-170
319
716
1068
1318
1691
2500
3344
3547
3094
2535
1833
1056
482
238
446
359
-540
-1721
-2558
-2783
-2705
-2516
-2108
-1673
-1575
-1867
-2006
-1646
-1040
-542
-256
32
291
237
-34
-191
-135
-74
-153
-252
-308
-450
-772
-1100
-1166
-964
-716
-550
-398
-243
-230
-284
-123
202
489
703
812
995
1154
787
331
496
865
977
949
763
606
650
652
765
1042
974
619
436
505
731
1040
1195
954
537
171
-92
-22
230
271
91
-210
-517
-605
-469
-345
-257
-206
-308
-373
-333
-307
-204
-150
-188
-174
-201
-258
-340
-500
-608
-653
-664
-623
-623
-678
-708
-735
-702
-549
-466
-396
-294
-289
-177
-79
-62
118
190
233
370
268
182
77
-239
-260
-115
-10
398
559
107
-220
-373
-262
439
674
389
249
-195
-293
268
624
855
1119
1526
2297
3023
3026
2637
2412
1865
1194
834
836
1136
712
-581
-1723
-2229
-2227
-2148
-2045
-1860
-1856
-2258
-2695
-2460
-1711
-1035
-709
-613
-438
-338
-393
-292
54
388
384
166
15
-120
-318
-545
-587
-445
-387
-468
-619
-652
-604
-607
-464
-110
177
186
151
166
465
1044
963
775
859
568
672
941
1001
1281
1109
659
554
601
709
831
922
894
822
831
725
658
614
340
269
287
191
171
-95
-362
-446
-541
-457
-369
-384
-447
-525
-506
-423
-262
-191
-184
-149
-225
-223
-207
-307
-353
-435
-492
-471
-506
-542
-583
-657
-714
-702
-626
-492
-355
-362
-347
-279
-308
-171
-7
-45
67
105
31
204
129
-14
279
378
177
162
-115
-253
248
304
393
498
-97
-155
-48
-15
523
814
682
548
1052
2212
3319
3274
2215
1611
1319
1278
1584
1804
1805
768
-905
-1817
-1703
-1189
-1076
-1451
-2006
-2504
-2864
-2835
-2201
-1502
-1210
-1312
-1490
-1322
-935
-608
-268
104
296
198
-2
-62
18
77
97
149
111
-90
-382
-611
-527
-314
-229
-221
-237
-315
-475
-407
-110
473
952
412
117
429
373
712
1032
1114
1309
835
511
834
1161
1391
1315
1145
828
514
630
893
1243
995
323
51
-175
70
332
110
61
-376
-850
-684
-452
-298
-239
-387
-602
-606
-522
-416
-71
-15
-215
-228
-297
-341
-301
-280
-257
-297
-415
-590
-614
-560
-586
-520
-503
-533
-522
-617
-574
-407
-341
-229
-269
-353
-220
-196
-32
184
74
71
15
49
431
440
370
386
209
308
304
105
221
222
214
561
684
426
264
604
1687
2846
2806
1902
1355
1178
1310
1704
1995
2010
1145
-389
-1193
-868
-309
-333
-938
-1686
-2248
-2589
-2548
-1945
-1375
-1390
-1803
-2120
-1918
-1415
-975
-596
-320
-249
-391
-521
-342
68
341
334
259
152
-46
-197
-154
103
248
73
-211
-391
-399
-344
-176
12
188
433
205
-235
-251
95
655
959
914
675
344
348
977
1731
1627
1005
619
581
922
1342
1666
1380
549
53
159
718
944
664
211
-407
-662
-427
-19
63
-331
-717
-932
-804
-499
-330
-279
-408
-577
-594
-453
-294
-197
-205
-306
-335
-370
-395
-327
-270
-228
-308
-440
-494
-571
-547
-453
-373
-348
-465
-524
-562
-457
-282
-287
-169
-250
-313
-58
35
240
326
92
39
218
403
566
500
92
99
382
580
850
752
351
431
1343
2279
2481
1721
1020
1399
1751
1717
1685
1607
1223
191
-463
-148
254
-89
-966
-1471
-1606
-1741
-1880
-1785
-1504
-1606
-1981
-2103
-1809
-1373
-1195
-1143
-958
-727
-681
-722
-490
-81
123
13
-100
21
110
49
109
300
305
46
-206
-161
-6
10
-46
-93
-116
-218
4
366
215
-9
-136
120
576
657
767
631
401
513
906
1582
1562
938
666
734
1088
1458
1604
1269
563
166
314
861
1009
495
6
-367
-509
-256
1
-70
-441
-838
-955
-723
-449
-393
-479
-645
-763
-625
-428
-300
-247
-384
-497
-488
-407
-267
-245
-299
-356
-452
-465
-373
-329
-364
-364
-411
-507
-452
-398
-382
-294
-318
-358
-307
-274
-146
60
0
-211
-105
106
192
310
352
257
133
190
455
707
918
715
273
659
1624
2309
2243
1366
1059
1643
1856
1700
1739
1782
1164
121
-180
315
587
-8
-910
-1246
-1280
-1498
-1629
-1416
-1278
-1648
-2164
-2188
-1684
-1249
-1244
-1346
-1215
-1049
-1089
-961
-430
-34
-142
-412
-352
-18
143
142
256
357
174
-115
-83
218
291
41
-118
-115
-168
-237
-126
294
414
-225
-568
21
659
612
293
350
518
480
606
1079
1474
1175
606
822
1249
1281
1481
1392
916
636
479
846
1207
721
190
-55
-198
-83
53
-45
-330
-693
-910
-717
-416
-442
-623
-780
-861
-731
-517
-407
-349
-474
-675
-568
-401
-320
-264
-372
-420
-423
-432
-282
-201
-234
-354
-463
-414
-361
-253
-248
-336
-314
-401
-399
-232
-68
5
-225
-456
-336
69
328
179
-38
-1
193
390
604
616
507
414
415
1128
1908
1994
1595
969
1203
1916
2011
1807
1544
1402
1039
475
500
795
569
-256
-857
-819
-800
-1059
-1273
-1253
-1352
-1767
-2012
-1776
-1386
-1337
-1524
-1548
-1377
-1218
-1149
-897
-518
-450
-637
-658
-298
68
74
34
106
114
49
62
287
409
189
-95
-100
76
30
-17
1
93
240
-185
-309
142
260
375
341
322
376
175
496
1156
1274
700
380
822
1104
1236
1247
1149
1108
552
547
1171
1107
817
439
188
266
156
199
264
-96
-542
-628
-400
-309
-403
-601
-768
-804
-797
-592
-416
-524
-686
-753
-650
-490
-396
-387
-474
-527
-512
-402
-259
-263
-313
-392
-433
-288
-209
-212
-250
-359
-313
-227
-178
-141
-222
-243
-198
-141
-39
16
-33
-103
16
194
248
155
104
300
415
496
521
450
851
1348
1526
1333
970
1301
1712
1574
1458
1505
1524
1058
523
680
926
588
-86
-399
-361
-537
-831
-917
-898
-1148
-1563
-1643
-1380
-1222
-1385
-1547
-1468
-1316
-1259
-1207
-962
-749
-818
-902
-685
-303
-168
-252
-183
-19
-15
-46
140
355
279
42
10
166
186
110
115
160
229
203
23
-109
50
371
460
301
106
86
270
558
941
876
330
238
672
1086
1192
1023
839
652
579
920
1286
1043
516
346
458
547
523
401
182
-148
-326
-168
-46
-215
-462
-626
-683
-645
-554
-495
-583
-757
-819
-714
-574
-515
-528
-595
-637
-584
-472
-346
-305
-370
-423
-399
-277
-167
-162
-213
-286
-285
-197
-119
-86
-163
-203
-149
-146
-88
-31
42
78
-89
-128
34
228
301
236
261
288
264
280
652
1257
1267
826
559
907
1635
1748
1375
1068
992
1095
1064
1025
946
597
120
-140
-17
43
-267
-684
-874
-878
-1001
-1157
-1125
-1063
-1220
-1464
-1457
-1232
-1104
-1150
-1127
-1007
-999
-1015
-819
-481
-346
-477
-510
-307
-108
-30
64
152
96
-8
46
261
356
210
77
105
268
389
247
14
25
275
423
354
220
118
148
343
667
809
447
127
372
805
1026
976
727
503
501
790
1173
1112
598
322
452
629
691
559
261
-17
-133
-18
130
-35
-368
-519
-547
-504
-420
-464
-598
-745
-805
-680
-558
-565
-614
-654
-704
-665
-500
-393
-393
-443
-473
-406
-318
-243
-147
-129
-259
-275
-140
-87
-35
-46
-135
-138
-109
2
96
31
-50
-56
-7
60
191
218
137
146
219
351
383
532
878
905
724
622
895
1432
1462
1116
866
917
1188
1171
921
712
525
319
154
183
173
-172
-614
-733
-579
-620
-912
-1070
-1034
-1103
-1272
-1251
-1084
-1074
-1231
-1233
-1030
-941
-978
-874
-643
-545
-614
-559
-314
-154
-135
-104
-15
19
9
104
247
292
160
53
140
263
443
381
78
33
138
444
617
313
107
60
286
722
720
439
226
315
642
829
817
631
614
604
602
893
825
689
642
463
585
534
390
444
281
105
25
-30
-46
-112
-253
-364
-430
-514
-488
-464
-557
-656
-711
-690
-635
-589
-618
-660
-689
-673
-524
-461
-462
-444
-476
-426
-341
-252
-161
-200
-256
-210
-170
-108
-35
-18
-37
-117
-93
30
100
102
16
7
27
66
190
193
229
222
203
293
369
687
876
793
658
654
1083
1292
1175
1061
993
1061
922
841
939
814
499
185
163
205
1
-251
-387
-466
-665
-840
-829
-804
-936
-1138
-1173
-1106
-1115
-1158
-1109
-1012
-1030
-1068
-954
-761
-657
-641
-567
-436
-381
-334
-181
-44
-34
-70
-12
91
144
167
170
191
166
258
410
275
159
155
281
470
374
296
248
184
309
506
619
511
394
374
527
741
727
789
708
531
643
711
798
799
599
525
467
387
413
418
280
126
4
-89
-82
-141
-215
-261
-415
-512
-522
-528
-526
-576
-635
-672
-702
-697
-651
-607
-605
-615
-603
-565
-510
-445
-396
-357
-329
-305
-251
-199
-153
-127
-120
-77
-70
-52
-43
-63
-4
-9
13
60
64
160
134
130
347
633
909
804
394
137
76
256
447
431
474
598
793
1006
997
952
960
1005
1104
997
710
419
189
105
18
-112
-172
-245
-351
-459
-560
-613
-716
-850
-908
-936
-956
-968
-983
-969
-960
-935
-852
-788
-753
-714
-656
-558
-467
-387
-302
-255
-220
-171
-119
-64
-30
9
51
66
107
167
207
214
205
249
299
298
318
347
369
402
428
469
478
457
480
512
535
550
553
572
571
548
564
557
542
541
525
521
474
418
386
325
268
211
147
88
7
-55
-90
-139
-192
-250
-302
-330
-354
-372
-388
-422
-450
-471
-487
-485
-485
-485
-485
-483
-460
-430
-407
-375
-342
-306
-275
-257
-227
-196
-174
-157
-146
-129
-108
-90
-69
-45
-29
-17
-4
23
55
72
91
110
127
141
155
188
226
252
276
311
356
399
427
445
460
478
496
504
498
472
433
395
364
336
299
249
196
147
94
36
-23
-80
-133
-182
-225
-267
-315
-368
-417
-450
-472
-487
-500
-513
-524
-527
-513
-489
-465
-446
-426
-402
-371
-340
-309
-281
-257
-228
-193
-151
-108
-69
-35
-6
24
63
111
153
177
189
205
230
262
293
309
315
326
346
372
389
388
381
380
390
402
407
402
388
377
377
376
368
348
317
286
262
239
210
169
120
76
42
12
-25
-72
-122
-165
-195
-215
-239
-272
-309
-341
-365
-383
-399
-415
-429
-438
-439
-434
-426
-416
-399
-376
-347
-321
-298
-277
-255
-231
-206
-182
-159
-136
-107
-74
-43
-16
4
23
43
65
89
112
133
152
174
199
234
276
319
366
407
449
491
519
549
563
566
573
566
559
529
492
458
409
375
317
262
215
145
94
25
-44
-108
-174
-228
-291
-346
-401
-458
-494
-502
-572
-540
-571
-640
-508
-632
-557
-492
-609
-447
-503
-477
-382
-422
-352
-333
-311
-256
-224
-182
-126
-127
-51
-11
-13
130
74
125
220
139
257
270
256
333
319
340
377
393
403
420
420
417
426
430
433
427
426
414
408
409
394
380
360
329
303
275
236
198
153
107
67
23
-15
-60
-103
-141
-178
-211
-242
-274
-304
-328
-355
-374
-392
-408
-417
-422
-421
-418
-408
-395
-378
-355
-333
-311
-288
-266
-243
-218
-196
-175
-154
-135
-110
-87
-59
-36
-16
10
29
53
77
96
122
145
170
202
235
271
312
352
394
435
469
502
526
543
554
550
542
525
500
470
433
390
344
292
240
186
126
66
4
-59
-121
-182
-241
-297
-352
-400
-442
-479
-508
-532
-548
-557
-560
-555
-545
-532
-516
-496
-475
-451
-425
-399
-370
-342
-312
-279
-246
-209
-172
-135
-97
-58
-20
19
56
94
127
155
188
217
244
273
297
318
339
358
377
394
406
416
423
428
433
435
435
431
425
419
409
396
379
358
334
305
274
239
201
160
116
72
28
-17
-61
-105
-147
-187
-223
-258
-289
-317
-342
-363
-381
-395
-406
-413
-417
-416
-411
-401
-390
-375
-356
-336
-313
-289
-265
-240
-215
-192
-168
-144
-121
-99
-77
-56
-35
-15
4
23
43
61
82
103
125
150
177
206
237
270
305
342
378
413
446
474
498
516
529
533
529
518
499
473
441
402
357
307
253
197
137
75
12
-51
-115
-176
-235
-291
-343
-391
-434
-471
-501
-524
-541
-552
-556
-554
-546
-533
-517
-499
-476
-451
-424
-396
-367
-337
-307
-276
-243
-209
-175
-141
-106
-70
-34
2
38
74
109
141
173
205
233
260
287
311
332
352
370
385
398
409
417
423
427
428
428
426
419
411
402
388
372
353
329
303
275
242
208
170
129
89
47
5
-38
-81
-122
-162
-200
-234
-266
-295
-321
-343
-362
-377
-388
-395
-400
-400
-397
-390
-380
-368
-353
-336
-316
-296
-274
-251
-228
-205
-182
-158
-135
-113
-92
-70
-50
-29
-10
8
27
45
63
83
104
125
149
175
202
231
263
294
327
360
393
423
450
472
490
503
509
507
498
482
458
429
393
350
302
250
195
137
77
15
-46
-108
-167
-224
-277
-326
-373
-413
-448
-475
-498
-514
-525
-530
-530
-523
-512
-498
-481
-461
-437
-411
-385
-356
-327
-297
-265
-233
-200
-166
-133
-98
-63
-28
6
39
71
103
132
161
188
213
237
260
281
300
318
333
349
363
375
386
395
402
407
410
410
409
405
397
386
371
353
334
308
280
249
214
178
140
99
59
17
-25
-67
-108
-148
-185
-222
-256
-286
-314
-338
-359
-377
-391
-401
-406
-407
-404
-398
-387
-374
-357
-338
-318
-295
-271
-248
-224
-202
-178
-156
-133
-112
-91
-70
-50
-31
-12
7
26
43
62
81
100
122
146
170
198
227
259
293
328
363
397
429
460
484
504
519
525
526
518
502
478
448
412
370
321
268
213
155
94
31
-32
-94
-155
-215
-270
-323
-372
-415
-453
-484
-509
-528
-540
-546
-546
-541
-530
-517
-499
-478
-455
-429
-401
-372
-343
-312
-280
-248
-214
-179
-145
-110
-75
-40
-6
28
61
93
123
151
179
204
229
253
275
294
313
330
346
361
375
386
396
405
409
413
416
415
411
406
397
386
371
351
330
304
275
245
209
172
132
90
48
5
-39
-81
-125
-166
-204
-241
-275
-306
-334
-356
-375
-391
-402
-409
-411
-409
-403
-393
-380
-365
-346
-325
-303
-279
-256
-231
-207
-183
-160
-138
-116
-96
-77
-58
-39
-23
-6
10
25
41
58
75
94
113
135
158
183
210
238
268
301
332
363
394
420
445
464
480
490
493
489
478
460
436
406
369
326
278
225
171
114
55
-5
-65
-125
-183
-237
-288
-336
-380
-417
-450
-476
-496
-511
-519
-523
-521
-513
-502
-486
-468
-446
-422
-396
-369
-340
-309
-279
-247
-215
-182
-148
-116
-82
-50
-17
15
46
77
107
134
160
185
208
231
253
273
291
308
324
339
353
366
376
386
393
397
401
402
399
396
390
379
366
349
329
306
279
249
216
180
141
100
59
16
-26
-69
-110
-150
-189
-224
-258
-288
-314
-337
-356
-370
-382
-389
-392
-391
-387
-380
-370
-356
-341
-323
-304
-284
-263
-241
-219
-196
-174
-152
-130
-108
-88
-68
-49
-30
-13
5
23
40
58
76
95
115
137
161
186
212
241
269
298
329
358
386
412
434
452
467
476
479
475
465
448
425
397
363
323
278
228
177
122
65
7
-51
-108
-165
-219
-270
-319
-363
-403
-437
-465
-489
-506
-517
-523
-524
-518
-507
-493
-475
-453
-428
-401
-372
-342
-310
-277
-244
-210
-176
-142
-109
-77
-45
-13
17
47
76
104
130
155
179
202
223
244
263
281
298
314
328
342
354
364
373
380
385
388
390
389
385
379
371
359
344
326
304
279
251
220
187
151
111
72
31
-11
-52
-92
-132
-170
-205
-238
-268
-295
-318
-339
-355
-367
-375
-380
-382
-380
-374
-365
-354
-341
-325
-307
-287
-267
-246
-224
-202
-180
-157
-136
-114
-94
-74
-54
-35
-18
0
17
33
50
67
84
102
121
142
164
188
212
238
265
293
321
348
374
397
418
435
448
457
460
456
446
430
407
380
347
308
264
216
165
111
57
1
-56
-113
-168
-220
-268
-313
-356
-393
-425
-451
-472
-487
-496
-501
-501
-494
-483
-467
-449
-428
-404
-377
-348
-318
-287
-256
-225
-193
-161
-130
-99
-69
-40
-11
17
45
72
98
122
144
167
188
209
229
248
265
281
296
310
322
332
340
348
353
356
357
357
354
349
344
335
325
312
296
278
257
233
208
179
148
115
80
45
8
-30
-67
-103
-138
-172
-204
-234
-261
-286
-307
-325
-339
-350
-358
-361
-361
-358
-352
-342
-330
-315
-298
-279
-259
-238
-217
-194
-173
-150
-129
-108
-88
-69
-52
-34
-18
-2
13
28
43
58
73
89
105
124
143
164
185
208
232
257
283
308
333
356
378
396
411
422
429
430
426
415
399
377
350
318
281
239
194
145
95
43
-10
-63
-117
-168
-219
-265
-308
-349
-384
-415
-441
-461
-475
-485
-489
-488
-482
-470
-455
-436
-415
-390
-364
-335
-306
-276
-245
-214
-183
-153
-122
-92
-63
-34
-6
22
50
76
101
125
149
171
192
213
232
250
267
282
295
307
319
328
336
344
348
352
354
354
352
349
342
334
324
310
294
274
251
226
198
168
135
101
65
28
-9
-46
-83
-118
-153
-186
-216
-244
-269
-292
-311
-326
-339
-349
-354
-356
-355
-351
-344
-334
-321
-306
-289
-270
-249
-228
-206
-184
-162
-140
-118
-97
-77
-57
-38
-20
-3
14
29
45
60
75
91
107
124
142
162
182
205
227
251
277
302
327
350
372
390
405
416
424
425
420
410
393
372
345
313
275
233
187
138
87
35
-20
-74
-128
-180
-230
-277
-321
-360
-394
-424
-448
-466
-479
-486
-488
-484
-475
-461
-444
-424
-400
-374
-346
-317
-286
-257
-226
-195
-165
-134
-103
-74
-46
-18
10
36
62
87
111
133
154
176
194
212
231
247
262
277
290
303
315
324
332
340
345
348
350
349
345
340
334
325
313
297
279
258
235
209
181
151
119
85
51
16
-20
-55
-90
-125
-157
-188
-215
-242
-266
-287
-304
-317
-328
-336
-341
-342
-340
-335
-328
-319
-307
-292
-275
-258
-238
-219
-198
-176
-155
-133
-111
-90
-70
-50
-31
-13
4
20
34
47
61
73
86
97
110
123
137
153
169
186
205
225
247
269
290
312
332
350
366
378
387
391
390
384
372
354
332
304
272
234
191
145
97
47
-5
-57
-109
-160
-209
-256
-298
-336
-370
-399
-422
-439
-450
-457
-458
-455
-446
-431
-415
-395
-373
-349
-323
-295
-267
-239
-212
-184
-156
-128
-101
-74
-49
-23
1
25
48
71
92
110
129
148
165
183
200
214
228
242
256
269
281
291
300
306
313
317
319
321
318
316
313
305
296
285
271
257
240
219
196
169
142
111
79
45
10
-26
-63
-100
-135
-168
-200
-230
-256
-279
-299
-314
-328
-338
-342
-344
-341
-337
-330
-318
-305
-289
-271
-252
-232
-211
-189
-167
-146
-124
-103
-83
-64
-46
-29
-13
2
17
29
42
54
65
78
89
102
116
131
147
164
183
204
225
248
271
295
319
341
360
377
391
401
406
407
401
389
371
348
320
287
249
206
159
109
58
5
-49
-103
-156
-207
-255
-300
-341
-376
-407
-432
-451
-464
-472
-474
-472
-464
-452
-435
-415
-393
-369
-343
-315
-285
-256
-228
-199
-170
-142
-114
-87
-60
-35
-11
13
36
59
80
102
123
143
162
181
199
217
236
253
268
282
295
306
316
325
332
338
341
342
342
340
334
327
319
307
294
278
259
236
212
185
156
124
90
55
19
-18
-54
-90
-126
-160
-192
-221
-247
-271
-292
-310
-324
-335
-341
-345
-345
-342
-336
-327
-314
-300
-283
-265
-243
-221
-199
-176
-154
-131
-109
-89
-69
-51
-34
-18
-4
9
21
32
43
52
62
73
83
94
106
119
133
150
167
186
207
228
250
273
295
315
335
352
365
375
381
382
377
366
348
326
299
267
230
188
143
95
46
-4
-55
-105
-153
-200
-243
-282
-318
-351
-377
-399
-415
-426
-432
-434
-430
-423
-411
-396
-378
-357
-334
-310
-285
-259
-232
-205
-179
-154
-129
-105
-80
-57
-35
-15
6
26
47
67
84
102
120
138
156
174
192
208
224
240
255
270
284
295
305
314
322
329
333
333
333
330
326
319
308
294
277
257
236
211
183
152
118
85
49
13
-24
-61
-98
-133
-166
-197
-225
-251
-275
-294
-309
-321
-330
-337
-339
-338
-334
-326
-317
-305
-291
-274
-256
-237
-217
-196
-175
-153
-132
-111
-91
-71
-53
-35
-18
-3
11
24
35
48
59
70
82
95
108
123
139
157
176
197
218
240
263
286
309
329
347
362
374
383
387
385
379
366
348
324
296
264
227
185
141
94
46
-4
-53
-102
-150
-195
-238
-278
-314
-345
-372
-395
-412
-424
-431
-434
-431
-425
-415
-401
-384
-365
-343
-320
-296
-270
-244
-217
-191
-165
-140
-115
-90
-66
-43
-21
0
21
42
60
78
97
114
131
149
168
185
202
219
235
252
268
283
295
306
316
324
332
335
336
336
334
329
322
311
297
281
262
240
214
186
156
124
91
56
20
-16
-53
-88
-122
-153
-183
-210
-235
-257
-275
-291
-303
-313
-319
-322
-321
-318
-312
-303
-292
-278
-262
-245
-227
-207
-187
-166
-146
-126
-107
-88
-70
-54
-38
-23
-10
2
14
23
34
44
54
65
77
89
103
119
136
154
174
196
217
239
263
284
305
325
340
353
362
367
368
363
352
336
314
288
258
223
185
143
98
53
5
-41
-88
-134
-177
-219
-256
-291
-321
-348
-369
-386
-399
-406
-409
-408
-402
-393
-380
-364
-346
-325
-303
-280
-256
-231
-205
-180
-156
-133
-110
-87
-64
-43
-23
-3
16
35
53
70
87
104
122
139
156
173
190
207
223
239
253
266
276
286
296
302
306
307
308
307
303
298
289
279
268
253
235
216
193
168
142
113
82
51
19
-15
-47
-80
-110
-139
-168
-194
-217
-237
-254
-270
-282
-290
-297
-299
-299
-297
-291
-283
-272
-259
-246
-230
-212
-194
-176
-158
-139
-121
-103
-87
-71
-56
-41
-28
-15
-2
9
21
33
45
58
73
87
102
120
139
158
181
203
225
248
271
295
315
332
347
358
367
371
369
362
350
332
310
283
252
217
179
137
94
49
3
-43
-89
-133
-176
-216
-253
-287
-317
-343
-365
-382
-395
-403
-407
-407
-402
-395
-383
-369
-352
-333
-312
-290
-266
-241
-215
-190
-165
-139
-114
-89
-65
-42
-19
3
22
41
60
78
96
115
132
149
166
183
200
218
234
250
265
279
290
302
311
317
322
326
327
325
321
315
306
294
280
263
242
219
193
165
134
102
68
33
-2
-38
-72
-105
-137
-168
-195
-220
-242
-261
-277
-290
-300
-306
-308
-309
-306
-300
-292
-280
-267
-253
-236
-219
-200
-180
-161
-142
-123
-105
-87
-69
-53
-37
-22
-8
5
18
31
43
55
68
81
95
110
125
141
158
176
196
216
235
255
273
290
305
317
326
332
334
332
324
311
294
272
247
217
184
147
107
67
24
-19
-62
-104
-145
-184
-221
-254
-284
-311
-333
-351
-364
-373
-378
-379
-376
-370
-360
-346
-331
-313
-294
-273
-251
-227
-204
-180
-157
-135
-111
-89
-67
-46
-26
-6
13
32
50
67
86
104
122
140
158
175
192
209
226
242
256
268
279
287
296
301
304
306
305
302
298
291
282
272
258
244
228
209
188
166
141
115
87
58
29
-2
-32
-63
-93
-122
-150
-177
-202
-224
-245
-262
-277
-290
-299
-306
-309
-310
-308
-303
-295
-285
-273
-259
-243
-225
-207
-187
-166
-144
-123
-102
-82
-62
-43
-25
-8
8
24
38
51
64
77
90
104
116
131
146
162
179
196
214
232
251
269
285
299
312
321
327
330
328
323
314
299
280
257
230
201
169
133
95
56
16
-24
-65
-104
-142
-178
-213
-243
-271
-296
-316
-334
-347
-356
-360
-361
-359
-354
-345
-334
-319
-303
-286
-267
-247
-225
-203
-182
-159
-137
-115
-93
-72
-51
-31
-11
8
26
43
60
76
92
110
126
141
157
173
188
204
219
232
245
256
266
274
282
286
288
289
288
284
278
270
261
248
235
219
202
183
162
139
114
88
60
32
3
-27
-56
-85
-114
-141
-166
-190
-211
-230
-245
-258
-268
-276
-280
-281
-280
-276
-269
-261
-251
-239
-227
-212
-197
-182
-166
-149
-133
-117
-101
-85
-70
-55
-41
-27
-14
-1
12
25
39
53
67
84
100
118
137
157
177
199
220
241
261
282
299
315
326
334
339
340
336
328
314
297
275
249
219
186
151
114
75
35
-5
-46
-85
-123
-160
-195
-225
-254
-279
-301
-318
-332
-342
-348
-350
-349
-344
-336
-326
-313
-299
-283
-265
-247
-228
-208
-189
-167
-147
-127
-107
-88
-68
-49
-30
-12
5
22
39
55
72
89
105
121
137
153
170
186
202
216
230
242
253
262
269
274
278
278
278
273
268
260
250
238
226
212
195
177
157
136
115
92
68
43
17
-9
-35
-60
-84
-108
-131
-154
-174
-192
-208
-221
-232
-241
-247
-250
-251
-251
-247
-242
-235
-226
-217
-206
-194
-181
-167
-153
-139
-124
-109
-93
-78
-64
-49
-35
-22
-9
4
15
28
41
54
69
84
101
118
137
156
176
196
217
237
256
274
289
300
308
313
315
312
305
292
276
256
232
206
176
144
109
73
36
-1
-39
-75
-112
-146
-178
-208
-234
-257
-278
-295
-308
-317
-323
-325
-324
-320
-313
-303
-291
-278
-263
-247
-230
-213
-195
-177
-158
-140
-122
-104
-86
-69
-52
-36
-20
-4
12
28
44
60
76
92
109
125
142
159
175
191
206
219
232
243
253
261
267
271
274
274
272
268
262
254
244
231
217
200
182
162
141
118
93
67
41
15
-12
-38
-64
-89
-114
-136
-158
-177
-194
-210
-223
-233
-241
-247
-250
-251
-251
-247
-241
-234
-224
-214
-203
-190
-176
-161
-146
-131
-116
-100
-85
-70
-55
-42
-29
-16
-3
10
23
35
49
64
80
97
114
133
153
173
193
213
233
251
267
281
291
298
302
301
296
287
274
256
235
209
182
152
119
85
50
15
-20
-55
-89
-121
-152
-180
-205
-227
-247
-263
-276
-285
-291
-294
-293
-291
-285
-278
-268
-256
-244
-230
-216
-201
-186
-170
-154
-138
-122
-107
-91
-75
-61
-46
-32
-17
-3
12
27
42
57
72
88
104
119
135
150
165
179
193
205
214
224
232
239
244
246
247
246
244
239
232
222
212
200
186
170
152
134
115
94
74
53
32
10
-11
-31
-51
-70
-88
-105
-121
-136
-148
-160
-170
-178
-186
-191
-195
-198
-199
-199
-196
-192
-188
-183
-176
-169
-161
-152
-142
-131
-121
-109
-98
-87
-75
-63
-52
-40
-28
-16
-3
11
25
41
57
75
94
113
133
154
174
194
212
229
244
256
265
270
271
269
263
253
239
220
199
175
148
120
89
57
25
-7
-39
-69
-98
-127
-152
-176
-196
-213
-227
-237
-245
-250
-251
-248
-244
-237
-228
-217
-205
-193
-180
-166
-153
-140
-128
-115
-104
-93
-83
-74
-65
-56
-47
-38
-29
-20
-10
1
13
25
37
51
64
78
93
107
121
134
147
160
171
182
191
199
204
210
213
214
213
210
206
200
192
182
171
158
144
128
111
94
76
56
37
18
-1
-19
-38
-56
-73
-89
-103
-117
-130
-140
-149
-157
-162
-167
-171
-172
-171
-170
-167
-164
-158
-153
-147
-140
-134
-127
-119
-111
-104
-97
-90
-83
-76
-69
-62
-53
-45
-35
-25
-13
1
17
35
54
75
98
121
144
167
190
213
233
250
263
272
278
280
278
271
259
243
224
201
175
147
116
84
51
17
-16
-48
-79
-109
-136
-160
-182
-201
-216
-229
-238
-243
-245
-244
-241
-235
-227
-218
-206
-195
-182
-170
-156
-144
-131
-120
-108
-98
-88
-79
-70
-62
-54
-46
-38
-30
-21
-11
-1
9
21
33
46
60
74
88
102
117
131
145
159
171
183
193
202
209
215
218
220
219
216
211
204
195
184
172
157
142
125
107
88
69
49
30
11
-9
-28
-45
-62
-78
-92
-106
-117
-127
-136
-143
-148
-153
-155
-156
-156
-156
-154
-150
-147
-143
-139
-135
-130
-125
-120
-115
-110
-105
-100
-95
-90
-85
-79
-73
-67
-59
-50
-39
-27
-14
2
19
38
58
78
100
123
145
167
187
205
221
234
243
248
249
247
240
230
216
197
176
152
126
99
69
40
11
-18
-46
-72
-97
-119
-139
-156
-171
-182
-190
-195
-197
-197
-194
-190
-183
-175
-166
-156
-146
-135
-125
-115
-106
-98
-90
-83
-77
-71
-65
-60
-55
-50
-44
-39
-32
-25
-18
-9
0
10
20
31
42
54
66
78
90
102
113
124
135
144
154
161
167
172
175
177
176
175
171
164
157
149
138
126
114
100
86
72
57
41
26
12
-2
-16
-29
-41
-53
-63
-72
-80
-88
-94
-100
-104
-108
-110
-112
-113
-114
-113
-112
-110
-109
-107
-105
-102
-99
-96
-93
-90
-87
-84
-81
-78
-74
-70
-66
-61
-55
-48
-40
-30
-18
-6
8
23
40
58
76
95
114
133
150
166
180
190
198
203
203
201
195
185
173
157
139
118
96
72
47
23
-2
-26
-49
-70
-90
-108
-123
-136
-147
-155
-161
-164
-165
-164
-161
-157
-151
-144
-136
-128
-120
-111
-103
-95
-87
-79
-72
-65
-59
-53
-48
-43
-38
-34
-29
-25
-20
-15
-9
-4
2
8
15
23
32
41
50
60
70
81
91
102
111
120
128
135
141
146
149
151
151
149
146
142
136
128
120
111
101
90
78
66
54
41
28
16
4
-8
-20
-31
-41
-50
-58
-66
-73
-80
-84
-89
-92
-95
-97
-98
-98
-97
-97
-97
-95
-94
-92
-90
-88
-87
-84
-82
-80
-78
-76
-73
-70
-66
-61
-55
-49
-41
-31
-20
-7
6
21
37
53
71
88
104
120
134
146
157
164
169
171
169
165
158
148
136
121
104
86
66
45
24
3
-17
-36
-55
-72
-87
-101
-113
-122
-129
-134
-137
-138
-137
-134
-129
-124
-117
-110
-102
-95
-87
-79
-72
-65
-59
-52
-47
-42
-37
-33
-29
-25
-21
-17
-13
-9
-6
-1
3
8
13
18
24
30
37
44
51
59
66
74
82
89
96
102
108
113
116
119
120
120
118
116
111
106
99
91
83
73
63
53
42
31
21
10
0
-10
-19
-27
-35
-42
-48
-53
-58
-62
-65
-68
-69
-70
-71
-71
-70
-70
-69
-69
-69
-68
-68
-68
-69
-69
-70
-70
-70
-70
-69
-68
-66
-62
-58
-52
-44
-36
-26
-14
-1
14
29
45
62
78
95
110
123
135
144
151
156
157
155
151
143
133
120
105
88
69
49
29
9
-11
-30
-49
-66
-81
-95
-107
-116
-124
-130
-134
-135
-134
-132
-128
-123
-117
-110
-102
-94
-86
-78
-71
-63
-56
-50
-45
-40
-36
-32
-29
-26
-24
-23
-20
-18
-17
-15
-12
-9
-5
1
7
14
21
30
38
48
58
68
78
87
96
105
112
118
124
128
131
132
131
129
126
122
116
109
101
92
82
72
61
50
39
28
17
7
-2
-11
-19
-26
-32
-38
-43
-47
-50
-53
-56
-58
-59
-61
-62
-63
-64
-65
-66
-68
-69
-71
-73
-74
-76
-78
-79
-80
-81
-81
-80
-79
-76
-73
-69
-64
-57
-50
-41
-31
-21
-9
4
18
32
46
60
74
87
99
110
118
125
129
131
130
127
122
114
105
93
81
67
52
37
22
6
-9
-23
-36
-48
-59
-68
-76
-82
-86
-89
-90
-90
-88
-85
-81
-77
-72
-67
-62
-57
-52
-48
-45
-41
-39
-38
-37
-36
-36
-37
-38
-38
-39
-40
-39
-39
-37
-35
-32
-28
-23
-17
-10
-2
6
15
24
34
44
53
63
72
80
88
96
101
106
110
111
112
112
110
106
102
96
90
83
75
67
58
50
41
33
24
16
7
0
-7
-14
-20
-26
-32
-37
-41
-45
-49
-52
-55
-57
-59
-60
-62
-63
-64
-64
-65
-65
-65
-65
-64
-64
-62
-61
-58
-55
-51
-46
-41
-34
-26
-17
-8
2
13
24
35
47
58
69
78
87
94
99
102
104
103
100
96
89
80
70
58
45
31
17
2
-12
-26
-40
-53
-64
-75
-84
-90
-96
-100
-102
-102
-101
-98
-95
-90
-85
-79
-72
-66
-59
-54
-48
-43
-39
-35
-31
-29
-27
-25
-24
-22
-22
-21
-20
-19
-17
-15
-12
-8
-3
2
8
15
23
31
40
49
58
67
75
83
91
99
105
110
115
117
119
119
118
116
112
107
100
93
85
76
66
55
46
35
26
16
7
-2
-10
-17
-24
-31
-37
-42
-46
-51
-54
-58
-60
-63
-64
-66
-67
-68
-69
-70
-70
-71
-71
-71
-71
-70
-70
-69
-68
-66
-64
-61
-57
-53
-49
-45
-39
-33
-26
-18
-10
-2
7
17
26
36
46
55
64
72
79
86
91
94
97
98
97
94
90
84
77
68
58
47
36
24
12
0
-12
-23
-33
-42
-50
-57
-63
-67
-70
-72
-73
-73
-72
-70
-68
-65
-61
-58
-55
-51
-48
-44
-42
-39
-36
-35
-33
-32
-30
-29
-28
-27
-26
-25
-23
-21
-18
-16
-12
-8
-4
1
6
13
19
26
33
39
46
53
59
64
70
75
78
82
84
85
85
85
84
82
79
75
71
66
60
54
48
41
33
27
20
13
6
-1
-8
-14
-21
-27
-32
-37
-41
-45
-49
-51
-53
-55
-56
-56
-56
-55
-54
-52
-50
-48
-45
-42
-40
-37
-34
-31
-28
-25
-22
-18
-15
-12
-8
-5
-1
3
8
12
17
22
27
32
37
42
47
50
54
57
59
60
61
60
58
55
51
47
41
35
29
21
12
5
-4
-12
-20
-27
-34
-41
-47
-53
-58
-61
-64
-67
-69
-70
-70
-69
-68
-68
-66
-64
-61
-59
-56
-53
-50
-47
-44
-41
-38
-35
-32
-29
-26
-23
-20
-17
-14
-10
-6
-2
2
7
12
17
23
28
33
38
44
49
53
58
61
64
67
69
71
72
72
71
70
68
65
62
58
53
50
46
42
37
33
28
25
21
17
13
11
7
5
3
0
-2
-4
-6
-8
-9
-10
-12
-13
-14
-14
-15
-15
-16
-16
-17
-17
-17
-18
-19
-20
-21
-21
-22
-23
-22
-21
-21
-20
-19
-18
-16
-14
-12
-10
-8
-5
-3
-1
0
2
4
5
5
6
6
6
5
4
2
1
-2
-4
-6
-8
-11
-13
-16
-18
-20
-22
-24
-25
-26
-26
-26
-26
-26
-25
-22
-19
-17
-17
-17
-18
-19
-17
-15
-11
-6
-3
-3
-2
-1
0
-1
-2
-2
-1
2
4
7
10
11
11
11
11
11
12
10
12
16
19
22
25
26
29
32
31
30
31
34
35
36
36
35
35
33
29
25
23
22
20
20
23
21
21
22
15
14
4
-5
-2
-12
-14
-8
-10
4
1
-5
5
-12
-8
-10
-26
-2
-25
-20
3
-42
11
-28
-36
12
-822
-1290
-1
879
881
1297
1075
152
-382
-961
-1330
-924
-394
9
349
618
907
901
435
-133
-558
-801
-810
-581
-183
240
540
661
607
408
77
-313
-601
-668
-497
-180
149
395
513
477
298
41
-218
-406
-473
-392
-180
80
294
394
352
202
6
-191
-328
-363
-290
-128
62
221
304
271
138
-23
-160
-246
-255
-187
-68
65
176
230
209
124
-3
-137
-217
-207
-124
-10
96
175
198
148
53
-47
-132
-171
-142
-54
52
132
167
151
87
4
-72
-120
-117
-69
2
78
131
142
110
48
-21
-72
-92
-79
-35
28
86
120
115
74
16
-38
-75
-81
-56
-15
32
72
87
68
27
-21
-63
-83
-71
-33
14
52
64
51
24
-12
-46
-61
-58
-45
-20
11
33
43
36
10
-22
-45
-55
-52
-38
-14
12
30
31
18
-5
-29
-46
-52
-44
-24
-2
13
18
12
-1
-12
-18
-23
-20
-6
8
18
20
12
1
-6
-9
-8
-3
4
12
12
7
1
-9
-18
-18
-11
-2
6
11
11
6
-3
-12
-18
-21
-16
-8
-1
7
11
7
-2
-12
-18
-17
-12
-5
5
12
13
13
9
-2
-11
-15
-14
-9
1
9
14
15
12
5
-1
-5
-7
-5
0
6
12
16
15
9
2
-4
-7
-6
-1
5
10
12
10
7
6
6
6
6
6
7
6
5
4
2
0
-1
1
3
6
6
5
3
1
0
-3
-5
-4
-3
0
3
4
3
-1
-6
-10
-11
-9
-5
-2
0
-2
-7
-11
-12
-11
-8
-4
-1
0
-2
-3
-5
-7
-8
-10
-10
-7
-3
2
4
5
4
4
2
1
-3
-7
-8
-5
3
15
25
30
26
18
9
3
-2
-6
-7
-6
-3
-2
-3
-5
-5
-5
-4
-4
-6
-10
-13
-15
-14
-13
-13
-16
-20
-23
-24
-22
-18
-14
-11
-8
-6
-5
-4
-4
-5
-6
-7
-8
-8
-8
-7
-4
-1
2
5
6
6
6
6
5
5
5
7
10
14
17
19
17
16
14
14
16
19
22
25
26
25
22
19
16
15
16
17
18
19
19
16
13
8
4
2
0
0
0
0
-1
-2
-4
-6
-8
-11
-12
-13
-14
-14
-15
-16
-18
-20
-22
-22
-20
-18
-15
-14
-15
-17
-20
-22
-21
-19
-15
-10
-7
-7
-10
-14
-17
-18
-15
-10
-4
2
5
5
3
-1
-4
-4
-3
-1
2
4
5
6
6
7
7
8
8
7
7
6
5
5
5
4
4
4
3
4
5
6
6
4
2
1
-1
-1
0
1
3
3
2
1
-1
-1
-1
1
3
4
4
3
1
-1
-2
-2
-1
0
1
2
1
1
-1
-1
-2
-2
-2
-1
0
0
0
-1
-2
-2
-2
-3
-2
-1
0
1
1
1
1
0
0
-1
0
-1
-1
-2
-2
-3
-3
-2
-1
0
1
1
1
0
-1
-3
-4
-5
-5
-4
-4
-2
0
1
1
0
0
-2
-2
-2
-2
-2
-1
0
0
0
0
-1
-1
-1
0
0
1
1
1
1
0
0
-1
-1
-1
-1
0
0
0
1
1
1
1
0
-1
-1
-1
0
1
2
2
1
1
0
-1
-2
-1
-1
0
1
1
1
1
0
-1
-2
-3
-2
-2
0
1
1
1
1
-1
-2
-2
-3
-2
-1
0
1
1
1
0
-1
-2
-2
-2
-2
-1
0
1
1
1
0
0
-1
-2
-2
-1
0
0
0
0
0
0
0
0
0
0
0
0
0
0
0
0
0
0
0
0
0
0
0
0
0
0
0
-1
-1
-1
0
0
0
0
0
0
0
-1
-1
-1
0
-1
-1
0
0
0
0
-1
-1
-1
-1
-1
0
0
0
0
0
0
-1
-1
-2
-1
-1
-1
0
0
1
0
0
0
-1
-1
-1
0
0
0
0
0
-1
-1
-1
-1
0
0
0
0
0
0
-1
-1
0
0
0
0
0
1
1
0
0
0
0
-1
0
0
0
0
1
0
0
-1
-1
-1
-1
-1
-1
-1
-1
-1
-1
-1
-1
0
0
0
0
0
0
-1
-1
-1
0
0
0
0
0
0
0
-1
-1
-1
-1
-1
-1
0
0
0
-1
-1
-1
-1
-1
-1
0
0
0
0
0
0
-1
0
0
0
0
0
0
0
0
0
0
-1
-1
-1
-1
-1
0
0
0
0
0
0
0
-1
-1
-1
-1
-1
0
0
0
0
0
0
0
0
-1
-1
-1
-1
-1
0
0
0
0
0
-1
-1
0
0
0
0
-1
0
-1
0
-1
0
0
0
0
0
0
-1
-1
-1
-1
0
0
0
0
0
0
0
0
-1
-1
-1
0
0
0
0
-1
-1
0
-1
0
0
0
0
0
0
0
0
-1
0
-1
0
0
0
0
0
0
0
0
0
0
0
0
0
0
0
0
0
0
0
-1
-1
-1
-1
-1
-1
-1
0
0
0
0
0
0
0
0
0
-1
0
0
0
0
-1
-1
-1
-1
-1
0
0
0
0
-1
-1
-1
-1
-1
-2
-2
-1
-1
0
-1
0
0
0
0
-1
0
0
0
0
0
0
0
0
0
0
0
0
0
0
0
0
0
0
0
-1
0
-1
-1
0
0
0
0
0
0
0
0
0
0
0
0
0
0
0
0
0
0
0
0
0
-1
0
0
0
0
0
0
0
-1
